  1847  1852  2883  2906  2803  2094  2056  2067  2178  1888  1766  1388
   843  1041  1932  2481  2370  1923  1634  1700  2048  1837  1491  1544
   984  1070  2256  2423  3620  2356  2462  2585  3799  2811  2393  3034
  1419  1690  3470  4460  3994  4049  3878  3422  3618  3370  3145  3177
  1462  1681  3683  4177  4625  4385  3595  2886  3112  2383  2541  5078
  1138  1898  3006  4491  4553  3285  3355  3068  3618  4449  2778  2578
   939  1996  4642  4878  3997  4170  3561  4015  5202  3503  2995  3645
  1765  3101  4582  4505  4447  4591  4202  4828  4947  3342  3909  3764
  2097  3606  6522  6561  6553  6149  4920  6314  5335  4089  3292  4330
  2550  3923  9169  8095  8986  9699  8554  8108  6344  6987  8177  8023
  5903  6865  10442 11189 12574 9857  10934 11671 9958  9629  8318  9079
  7607  8125  10327 12469 10806 9944  13251 7569  8918  6002  4693  5473
  9695  6642  5678  7966  7425  5665  9370  6130  6683  8751  7493  13150
  8211  8820  11885 10012 10619 10274 9808  7194  9921  7680  10839 12527
  5361  6362  10251  7846  8347 10997 11238  9868  9618  8882 11420 16301
  5839

