 135.060 139.323 145.648 151.417 154.163 157.505 161.411 164.570 166.632 165.939 167.067 171.869 168.454 164.790 167.229 173.176 172.104 171.284 173.726 175.338 174.823 168.508 167.777 172.356 170.804 167.058 166.688 166.558 166.557 164.666 163.153 159.550
 155.280 156.836 155.833 149.997 145.943 143.706 146.398 146.527 143.910 140.079 139.661 143.322 145.381 148.149 155.872 157.091 155.529 152.714 150.799 152.013 153.853 152.744 151.818 154.087 154.361 149.059 141.992 141.590 139.412 140.789 145.938 153.460
 158.505 157.333 160.419 166.131 164.839 160.741 165.620 170.613 166.363 165.056 165.127 160.531 157.962 160.890 163.414 166.030 170.263 172.592 171.614 168.592 161.183 163.964 170.818 167.645 165.873 169.510 170.917 175.475 178.278 174.236 173.861 175.186
 175.410 179.043 184.839 185.710 180.827 174.477 174.403 178.395 175.535 167.260 169.200 169.468 166.350 165.616 159.562 153.643 152.329 150.263 145.911 140.232 134.589 139.236 142.191 140.175 144.146 145.303 150.766 158.810 158.741 158.720 159.090 154.961
 154.774 157.695 160.417 163.786 164.498 161.732 160.845 156.291 153.828 155.439 157.882 158.338 155.399 153.921 148.239 144.532 143.123 142.000 140.007 139.123 142.064 140.370 142.452 143.546 143.587 141.835 136.918 133.415 127.843 126.641 132.880 138.459
 143.360 151.676 154.567 150.909 149.535 152.978 156.630 160.958 165.467 165.652 162.433 163.058 161.778 160.562 163.023 161.503 156.585 160.992 162.706 160.582 164.400 165.318 164.170 167.343 168.997 166.108 165.595 167.275 166.164 164.967 162.667 159.138
 161.875 162.251 162.401 163.509 165.397 171.780 178.985 182.156 177.945 173.173 173.098 176.803 176.800 174.755 171.955 165.834 157.091 151.524 148.322 146.818 143.849 139.315 131.271 126.921 129.248 136.520 138.160 130.716 128.921 127.686 116.172 107.610
 104.316 106.324 111.458 119.502 121.439 120.447 119.492 120.486 119.758 122.118 123.486 119.732 111.245 103.853 101.832 106.770 106.414 100.974  97.790  98.555 103.882 107.770 108.369 108.357 113.748 119.896 120.898 119.143 118.187 113.301 108.686 107.120
 106.358 106.401 107.685 109.643 104.044  99.966 104.075 106.459 111.014 118.515 115.199 111.213 104.336 103.150 108.313 106.631 101.315  99.583  99.112 101.266 102.314  98.951  97.850  99.314 101.721 105.224 103.496 102.871 108.481 115.916 122.706 125.725
 129.444 136.274 147.339 157.099 157.990 156.389 157.862 151.583 142.870 141.039 140.002 133.302
