 -1.11544  2.24375  -0.89350  0.81099  -0.66732  -1.19100  0.37636  1.69474  -1.79586  2.30901
 -1.13537  1.68448  -3.23281  1.34896   1.07182  -1.54709 -0.86273 -0.10338   0.32361  1.03155
 -1.91608  0.89455  -0.25984  0.98315  -1.62294  -0.84006  1.27475  0.72342  -0.62823 -0.56908
  1.32116 -2.61439   1.58901 -0.09162  -0.12114  -0.74712  1.36076 -1.31931   1.51679  0.36666
  0.66831 -1.30554  -0.64355  1.20454   1.02369  -0.05775 -2.39527  0.05667   0.48250  0.86982
  0.19989 -0.56277  -2.34566  1.23537   1.92758  -1.33348 -0.67677  0.82685  -0.10828  0.95328
  0.62662 -0.28606   1.15965 -0.37234  -0.71943   2.19798 -1.26617  0.13784   0.16500  0.19455
  1.00626 -0.67068  -0.86270  1.93771  -1.54427   0.22939 -2.13154  0.78118   0.50069  0.43734
 -0.47185 -1.25120   0.00763  0.97855   0.08507  -0.63022  0.39129 -0.15809   0.76022  0.94228
  0.45690 -0.09443  -0.48073  0.36108  -0.38077   1.07727  0.08623 -0.90016  -0.18126  1.04300
