  0.13942  2.13423   0.52452  3.23084   0.61007   2.69005  1.39431  1.97636   2.70841  2.32024
  0.61387  3.59063   0.50488  3.07303   0.18792   4.02109  1.64706  0.99997   2.51473  2.40035
  2.14877  2.14766   0.90940  3.22640   1.47477   2.42487  1.02155  2.55945   2.80246  1.57965
  1.44982  2.14339   2.68089  0.55510   3.78390   1.17801  2.00947  1.83643   2.78179  0.92383
  3.11469  1.35160   2.01716  1.27418   2.45971   2.68314  1.70484  1.47083   1.31030  3.21463
  2.11642  2.01970   1.62505  1.73123   1.57769   3.54344  1.96059  0.63617   2.46371  2.58644
  1.55409  2.34012   1.71135  1.60087   2.49092   1.30847  1.97034  3.01911   0.52116  2.67444
  1.98058  1.97586   2.20460  1.29566   2.07653   3.01266  0.56787  2.84095   1.24584  3.30012
  1.75962  1.88086   1.63978  1.86056   2.62789   2.28975  1.53625  1.76840   2.43250  1.75693
  2.30711  1.90257   1.66593  1.74322   1.90300   2.34869  1.70523  2.51356   1.48723  1.68684
