  1195.8  1195.8  1189.9  1167.5  1159.2  1157.2  1168.2  1168.2  1173.3  1171.7
  1172.9  1184.7  1186.3  1186.3  1179.2  1181.6  1173.0  1174.1  1175.5  1175.5
  1185.6  1176.1  1175.6  1175.1  1175.3  1175.3  1175.2  1172.3  1170.7  1170.3
  1170.1  1170.1  1174.0  1176.2  1178.5  1176.3  1175.4  1175.4  1182.4  1197.3
  1197.3  1217.9  1209.8  1214.4  1221.7  1222.4  1222.4  1224.2  1229.7  1238.3
  1242.7  1242.7  1242.6  1236.3  1232.6  1230.3  1233.6  1233.6  1232.6  1228.7
  1228.2  1226.3  1220.7  1220.7  1222.2  1225.7  1223.2  1223.0  1222.9  1222.9
  1227.3  1224.7  1225.9  1224.3  1225.1  1225.1  1225.5  1222.8  1223.3  1223.2
  1223.2  1223.0  1222.6  1215.7  1217.5  1218.5  1218.5  1209.6  1189.9  1188.1
  1196.0  1189.9  1189.9  1185.7  1183.5  1180.2  1176.4  1184.0  1189.4  1196.6
  1199.6  1201.4  1201.4  1201.6  1200.2  1203.0  1206.4  1207.5  1207.5  1210.1
  1201.7  1201.1  1197.9  1191.0  1190.8  1186.2  1189.8  1191.1  1186.3  1186.3
  1186.4  1188.4  1186.3  1186.0  1182.9  1182.9  1184.2  1180.8  1166.7  1161.9
  1167.8  1167.8  1170.5  1167.1  1163.0  1165.7  1165.9  1165.9  1166.2  1162.1
  1162.8  1160.3  1154.7  1154.7  1153.5  1155.9  1158.6  1160.7  1166.8  1166.8
  1163.3  1166.2  1171.1  1178.4  1187.5  1187.5  1186.6  1176.8  1180.7  1184.2
  1181.7  1186.1  1192.2  1197.4  1206.6  1208.4  1208.4  1209.2  1204.7  1199.2
  1201.1  1206.9  1206.9  1204.1  1198.4  1199.6  1201.3  1200.6  1200.6  1198.9
  1199.6  1200.3  1205.7  1207.7  1207.7  1204.6  1203.7  1204.9  1199.4  1201.2
  1201.2  1197.5  1200.0  1195.0  1190.9  1189.9  1189.9  1184.9  1184.7  1182.1
  1188.1  1194.3  1194.3  1192.6  1193.3  1194.4  1191.0  1191.0  1191.0  1192.2
  1190.7  1192.7  1194.8  1204.1  1204.1  1202.3  1202.7  1207.3  1210.6  1213.3
  1218.7  1216.4  1216.3  1216.3  1215.7  1211.1  1206.6  1203.2  1202.7  1202.7
  1203.9  1205.5  1203.8  1206.6  1206.7  1206.7  1204.5  1204.5  1204.7  1205.1
  1205.7  1205.7  1205.7  1204.1  1202.0  1199.2  1200.5  1200.5  1195.9  1193.4
  1193.7  1187.3  1183.9  1183.9  1184.3  1183.6  1182.1  1176.6  1168.7  1168.7
  1176.2  1184.0  1177.8  1175.1  1173.7  1173.7  1173.8  1170.5  1164.1  1159.1
  1159.8  1159.8  1157.5  1159.5  1159.0  1152.1  1151.1  1151.1  1151.0  1141.6
  1131.3  1130.4  1132.9  1132.9  1128.6  1132.6  1136.0  1133.6  1129.8  1129.8
  1132.5  1133.1  1132.4  1130.4  1131.9  1133.2  1137.5  1145.4  1134.5  1125.8
  1130.1  1139.1  1145.9  1145.9  1135.3  1137.3  1147.0  1138.5  1127.1  1127.1
  1122.1  1124.4  1128.9  1132.2  1127.6  1127.6  1126.2  1125.9  1126.8  1126.1
  1122.1  1122.1  1125.4  1125.0  1131.0  1129.0  1129.0  1130.1  1125.5  1121.1
  1116.8  1116.8  1119.7  1127.4  1125.3  1127.8  1130.2  1130.2  1131.0  1134.4
  1133.7  1139.1  1141.0  1141.0  1131.8  1132.4  1122.7  1120.9  1120.9  1120.1
  1117.4  1120.1  1120.3  1119.6  1119.6  1120.8  1120.1  1118.0  1117.6  1117.8
  1117.8  1118.0  1117.8  1114.6  1112.0  1108.7  1108.7  1110.2  1111.2  1111.4
  1108.3  1106.4  1106.4  1111.2  1113.2  1113.1  1109.6  1109.6  1107.8  1109.4
  1109.4  1109.9  1109.9  1114.8  1110.5  1109.1  1109.7  1109.1  1109.1  1108.4
  1108.7  1108.5  1110.4  1110.3  1110.3  1110.3  1109.6  1111.0  1111.0  1109.8
  1109.6  1109.4  1111.9  1111.9  1114.1  1115.4  1115.0  1116.9  1123.0  1123.0
  1125.7  1132.8  1137.2  1129.6  1135.2  1135.2  1138.5  1133.8  1130.0  1131.9
  1125.8  1125.8  1119.5  1114.4  1114.5  1115.6  1115.6  1113.4  1114.5  1115.2
  1114.6  1116.5  1116.5  1119.0  1119.8  1119.1  1118.8  1119.7  1119.7  1118.7
  1117.9  1117.0  1114.8  1115.4  1115.4  1113.2  1114.6  1116.4  1118.9  1117.0
  1117.0  1118.7  1116.3  1115.4  1114.0  1112.4  1112.4  1113.5  1113.3  1112.1
  1112.3  1112.3  1113.4  1114.9  1115.8  1114.5  1116.2  1116.2  1117.1  1116.2
  1115.7  1114.8  1115.3  1115.3  1116.2  1116.9  1114.7  1114.1  1114.8  1114.8
  1114.9  1115.0  1114.6  1114.7  1114.7  1114.6  1114.3  1114.6  1114.2  1114.2
  1114.2  1113.0  1111.2  1108.8  1109.4  1106.8  1106.8  1105.0  1104.9  1106.1
  1109.0  1108.9  1108.9  1113.5  1117.9  1117.9  1130.6  1127.7  1121.0  1129.0
  1132.7  1132.7  1124.7  1121.7  1114.6  1114.7  1115.0  1115.0  1116.2  1121.5
  1118.1  1116.5  1116.5  1116.6  1118.0  1123.3  1122.3  1128.7  1128.7  1125.9
  1130.2  1138.6  1140.3  1128.6  1128.6  1133.6  1135.3  1136.5  1139.7  1133.7
  1133.7  1136.7  1140.6  1135.5  1134.7  1132.6  1132.6  1131.9  1134.4  1137.3
  1134.4  1133.1  1133.1  1137.9  1136.4  1134.7  1137.8  1140.4  1140.4  1147.3
  1165.9  1167.1  1184.3  1195.2  1195.2  1186.8  1185.0  1195.3  1212.1  1210.9
  1210.9  1213.8  1211.5  1193.8  1204.7  1189.7  1189.7  1185.5  1187.0  1196.7
  1200.7  1204.9  1204.9  1205.9  1206.0  1214.7  1224.7  1232.1  1232.1  1249.1
  1266.9  1252.0  1259.7  1259.7  1267.8  1285.4  1249.3  1267.8  1267.8  1264.6
  1257.9  1261.6  1276.6  1281.2  1281.2  1285.9  1284.4  1277.2  1286.5  1276.7
  1276.7  1270.9  1275.3  1275.3  1279.5  1265.5  1261.3  1259.7  1251.9  1251.9
  1258.6  1257.0  1263.4  1268.8  1261.3  1261.3  1265.2  1256.4  1252.1  1246.9
  1242.4  1242.4  1248.0  1243.3  1235.7  1244.3  1246.6  1246.6  1247.8  1245.7
  1249.8  1261.4  1261.4  1274.3  1266.3  1269.7  1274.7  1267.1  1267.1  1278.7
  1279.3  1275.2  1286.2  1291.6  1291.6  1298.4  1294.9  1302.9  1313.8  1314.7
  1314.7  1312.5  1307.5  1303.3  1314.0  1328.0  1328.0  1342.3  1345.4  1351.5
  1346.8  1346.8  1340.6  1337.5  1322.5  1325.1  1322.8  1322.8  1331.7  1324.2
  1313.7  1298.6  1309.2  1309.2  1314.5  1310.3  1310.6  1309.8  1324.7  1324.7
  1321.1  1304.5  1295.3  1293.1  1302.2  1298.1  1303.6  1306.2  1301.7  1301.7
  1297.4  1304.0  1307.2  1302.5  1299.2  1299.2  1302.9  1294.8  1286.6  1280.8
  1288.5  1288.5  1295.3  1294.1  1292.9  1286.0  1282.2  1282.2  1285.3  1285.9
  1287.8  1285.8  1285.8  1289.6  1290.3  1292.1  1291.7  1292.0  1292.0  1299.8
  1304.3  1298.0  1301.9  1304.2  1304.2  1302.9  1298.9  1299.8  1302.3  1300.7
  1300.7  1300.3  1295.3  1295.5  1295.0  1295.5  1295.5  1296.6  1297.7  1307.4
  1307.2  1304.0  1304.0  1311.6  1310.1  1305.9  1303.7  1303.7  1308.6  1312.1
  1308.7  1302.2  1301.1  1301.1  1301.4  1302.5  1297.7  1291.3  1283.8  1283.8
  1287.5  1288.6  1285.7  1289.3  1281.2  1281.2  1284.8  1288.0  1278.5  1283.4
  1283.4  1286.9  1286.1  1282.4  1284.3  1282.0  1282.0  1280.7  1279.4  1281.8
  1283.8  1282.1  1282.1  1280.1  1280.2  1282.8  1286.6  1287.6  1287.6  1288.7
  1295.2  1285.2  1289.4  1296.7  1296.7  1297.5  1297.8  1296.0  1298.7  1298.0
  1298.0  1307.2  1306.5  1306.7  1305.9  1309.1  1309.1  1313.9  1312.9  1312.9
  1311.8  1308.7  1307.4  1302.8  1299.9  1299.9  1296.4  1296.8  1302.6  1299.0
  1301.2  1301.2  1303.0  1304.3  1300.4  1296.2  1296.0  1296.0  1294.0  1296.1
  1297.0  1296.8  1296.6  1296.6  1296.2  1295.9  1292.8  1289.3  1282.5  1282.5
  1284.3  1285.3  1284.8  1283.1  1283.4  1283.4  1283.9  1283.1  1281.5  1278.7
  1275.6  1275.6  1266.3  1265.2  1269.7  1274.0  1269.7  1269.7  1272.4  1271.9
  1271.0  1268.4  1273.3  1273.3  1280.4  1280.1  1274.4  1274.0  1281.1  1281.1
  1292.5  1292.7  1291.4  1299.2  1311.0  1311.0  1308.0  1317.6  1325.1  1326.1
  1326.1  1314.6  1320.4  1317.2  1307.7  1307.7  1302.9  1309.5  1314.3  1314.2
  1311.4  1311.4  1311.6  1316.6  1317.8  1319.9  1320.0  1320.0  1320.8  1326.6
  1332.3  1331.9  1328.6  1328.6  1322.3  1314.6  1314.8  1308.5  1319.6  1319.6
  1313.4  1314.7  1317.8  1318.7  1318.8  1318.8  1316.0  1315.5  1315.5  1316.0
  1319.8  1321.2  1321.1  1321.8  1321.8  1322.9  1323.9  1327.7  1326.0  1326.0
  1319.5  1315.6  1315.1  1311.1  1310.6  1310.6  1316.6  1319.4  1320.3  1322.7
  1322.4  1322.4  1324.1  1327.3  1326.7  1326.7  1328.4  1328.4  1330.2  1331.6
  1327.6  1327.0  1326.4  1326.4  1325.3  1328.8  1328.4  1329.9  1329.9  1328.7
  1329.1  1328.9  1330.1  1331.9  1331.9  1329.7  1326.6  1320.7  1314.5  1310.8
  1310.8  1308.9  1306.2  1308.3  1299.5  1297.9  1297.9  1292.2  1293.7  1287.9
  1288.2  1288.2  1280.1  1279.3  1283.6  1284.8  1280.1  1280.1  1274.7  1278.4
  1278.9  1272.3  1265.9  1265.9  1253.3  1256.4  1245.3  1247.7  1247.7  1247.7
  1237.5  1230.6  1235.9  1233.3  1226.2  1226.2  1228.6  1222.1  1221.6  1228.4
  1228.4  1229.5  1227.5  1230.8  1231.7  1231.7  1236.3  1233.1  1230.7  1226.5
  1220.2  1220.2  1212.3  1213.0  1208.2  1204.8  1201.8  1201.8  1203.3  1205.6
  1201.1  1201.7  1201.7  1195.8  1186.3  1180.9  1178.0  1183.3  1183.3  1177.8
  1173.2  1173.3  1171.3  1171.3  1166.0  1171.1  1172.8  1168.7  1180.0  1180.0
  1202.8  1197.0  1190.5  1182.0  1181.2  1181.2  1188.3  1208.3  1207.2  1203.5
  1207.1  1207.1  1199.5  1196.6  1189.9  1189.1  1189.1  1192.0  1196.6  1192.2
  1193.6  1202.5  1202.5  1201.1  1201.3  1197.7  1204.9  1200.5  1200.5  1204.6
  1199.9  1195.1  1193.9  1194.6  1194.6  1196.0  1198.7  1202.8  1202.9  1201.4
  1201.4  1217.3  1219.0  1212.8  1210.7  1221.3  1225.8  1224.0  1227.3  1225.5
  1225.5  1229.4  1228.6  1230.5  1231.2  1231.2  1237.4  1243.4  1245.1  1253.3
  1261.1  1261.1  1259.9  1262.8  1258.0  1246.0  1242.2  1242.2  1244.1  1242.3
  1237.4  1228.0  1230.6  1230.6  1232.4  1227.1  1233.4  1224.9  1224.0  1224.0
  1219.7  1215.8  1220.0  1216.9  1210.4  1210.4  1199.9  1203.5  1203.1  1208.0
  1208.8  1208.8  1206.3  1208.7  1216.3  1214.3  1213.5  1213.5  1213.4  1205.4
  1204.4  1207.7  1208.0  1208.0  1211.3  1217.1  1216.3  1222.8  1228.0  1228.0
  1212.0  1216.1  1215.8  1212.1  1209.0  1209.0  1202.2  1200.7  1200.1  1203.2
  1203.2  1202.7  1201.1  1200.3  1197.2  1197.2  1200.4  1187.8  1190.5  1196.1
  1196.1  1191.6  1187.2  1188.6  1179.5  1180.3  1180.3  1177.0  1176.5  1173.7
  1173.4  1173.6  1173.6  1174.2  1177.2  1175.6  1178.2  1171.9  1171.9  1170.4
  1170.9  1170.5  1170.9  1177.6  1179.8  1174.1  1177.1  1179.9  1179.9  1192.8
  1207.8  1202.9  1202.7  1201.4  1201.4  1207.2  1202.4  1198.4  1196.4  1194.1
  1194.1  1192.6  1191.1  1187.7  1186.8  1190.3  1194.3  1193.2  1194.9  1208.1
  1218.0  1218.0  1229.1  1236.7  1237.3  1247.9  1241.0  1241.0  1241.6  1249.6
  1255.6  1253.8  1249.6  1249.6  1251.1  1246.1  1244.8  1244.6  1252.9  1252.9
  1258.0  1254.3  1253.9  1254.9  1258.0  1257.0  1255.0  1253.4  1239.8  1226.3
  1226.3  1224.1  1217.3  1216.5  1209.5  1205.0  1205.0  1204.7  1217.0  1219.5
  1221.0  1234.4  1234.4  1229.4  1213.1  1213.9  1211.1  1211.1  1205.9  1196.9
  1199.9  1199.9  1196.0  1199.8  1201.5  1195.2  1197.8  1197.8  1193.6  1199.1
  1193.9  1197.4  1193.4  1193.4  1194.0  1199.4  1200.4  1206.6  1205.3  1205.3
  1207.5  1202.3  1201.5  1200.8  1200.8  1200.3  1193.7  1193.1  1194.3  1192.7
  1192.7  1191.0  1188.4  1184.5  1186.0  1190.6  1190.6  1190.9  1189.2  1188.5
  1186.7  1193.1  1193.1  1194.9  1191.0  1188.1  1185.1  1182.3  1182.3  1180.0
  1179.2  1179.6  1178.5  1179.2  1179.2  1177.0  1175.7  1178.8  1182.5  1182.5
  1179.4  1182.0  1181.4  1180.3  1181.2  1181.2  1179.3  1179.5  1180.0  1180.6
  1180.4  1180.4  1181.4  1186.1  1185.9  1185.5  1181.9  1181.9  1180.2  1178.3
  1179.3  1178.3  1178.3  1175.9  1178.6  1176.4  1173.9  1170.6  1170.6  1170.5
  1170.8  1173.9  1179.9  1178.5  1178.5  1175.9  1176.7  1176.1  1173.4  1171.8
  1171.8  1172.8  1170.1  1170.1  1173.1  1171.4  1170.6  1170.3  1168.8  1168.8
  1152.0  1151.1  1152.5  1151.1  1150.8  1150.8  1150.2  1150.3  1152.3  1150.5
  1150.5  1151.9  1151.4  1148.9  1149.5  1148.4  1148.4  1146.6  1158.5  1169.5
  1177.6  1174.5  1174.5  1174.4  1180.0  1181.9  1179.4  1185.8  1185.8  1184.2
  1183.4  1181.6  1177.3  1182.4  1182.4  1185.3  1185.8  1183.1  1181.7  1180.2
  1180.2  1174.8  1175.1  1174.4  1173.2  1171.2  1171.2  1178.3  1180.5  1177.4
  1186.8  1195.5  1195.5  1202.3  1203.4  1203.4  1202.6  1203.6  1203.6  1203.4
  1196.9  1194.1  1192.2  1193.4  1193.4  1187.6  1188.1  1184.9  1188.9  1185.2
  1185.2  1184.5  1187.6  1188.7  1189.5  1190.7  1190.7  1193.1  1195.8  1199.0
  1199.7  1199.7  1200.3  1197.8