44.3 40    41.9  43.5  46    45.1  43.9  44.5  43.3  43.9  42.8  47.8 
39.8 36.1  43.7  48.8  50.4  48    46.8  51    47.1  43.6  41.6  47
37.9 38.9  46.5  51.6  54.8  52.9  50.3  51.9  57.2  49.9  49.4  54.5
46.9 47.5  52.7  57.3  63.4  61.1  59    61.7  62.5  57.2  54.5  60.3
54.6 49.4  57.6  60.7  66    62.6  61.8  66.3  62.6  59.8  59    64.9
57.8 57    63    64.7  68.3  62.8  63.3  66.5  69.7  64.7  64.4  72.5
65.8 60.1  71.3  72.9  77.5  70.8  73.9  74.9  75.8  74    70.8  79
70.2 67.3  76.5  81.6  85.4  84.7  82.3  81.3  72.2  84.5  82.9  89.3
83.1 78.8  89.6  91.1  96.1  95.2  89.4  94.5  94    88.8  86    81.2
90.2 78.1  94.9  96   100.2  97.3  90.8 105.6  99.3  91.5  90.2  94.7
87.7 84.4  89.8  97.9 104.4 102.1  99.3 109.2 115.9  98.6 100.3 101.5
99   89   102   111.2 114.6 106.8 110.9 119.9 113.4 111.9 106   111.2
