18.8 17.1 16.4 13.9 14   15   15.3 15.9 15.9 15.1
15   14.4 14   13.9 13.9 13.9 13.9 14.2 14.1 14.2
14.2 14.3 14   13.6 13   13.2 13.7 14   14.5 14.6
14.6 14.9 15   14.7 14.7 14.7 14.6 14.7 14.3 14.1
13.9 13.8 13.7 13.7 13.6 13.2 12.7 12.4 12.4 12.8
12.8 12.9 12.8 12.8 12.8 12.7 12.8 12.8 12.7 13
13   12.8 12.7 12.7 13   13   12.5 12.9 12.9 12.8
13.2 13.7 13.9 14.9 15.1 15.2 15.3 15.9 15.8 14.4
13.7 13.3 13.7 13.9 14.3 16.1 16.3 16.4 16.2 15.8
16.1 15.5 15.2 15.6 15.4 15.1 15.3 16.1 16.1 16
16.5 16.8 17.8 17.7 18.5 18.4 18.2 18.2 18.6 18.6
19.3 18.9 18.6 19.4 19.6 19.4 19.1 18.5 17.2 17.7
17.7 17.3 17.3 16.4 16.1 16.1 14   13.4 14   13.3
12.5 11.4 11.3 11.5 12.4 12.9 13.8 14   13.4 12.8
12.2 12   12.1 12.4 12.4 12.3 12.4 12.6 13.3 13.7
13.8 13.8 14.2 14.9 15.3 15   14.7 14.9 14.7 14.2
13.2 13   12.2 12   11.65 12.01 11.88
