  112696  103070  122800  142496  150064  136128
  143033  158223  138626  148761  140539  117693
  133390  117378  136309  149476  157107  147160
  153156  164352  139584  165633  147054  129396
  137638  132128  141178  154545  169127  156056
  167749  200228  154371  169199  144594  126590
  132362  131123  146756  160249  175131  169655
  178023  193169  171479  186443  172378  150952
  156240  144008  177073  186693  187296  190206
  196132  218560  183651  189003  177325  159672
  163846  158125  193446  193743  205408  210435
  219326  249612  205442  234143  216913  185724
  195346  183669  215524  224547  238201  238304
  249401  274307  224528  229684  217576  182898
  199252  193565  230360  242953  274802  271599
  293280  328824  236158  305662  312164  267947
  309654  279943  324963  319020  352602  356546
  376214  398079  355931  363955  339887  308085
