118.6  129.84 129.12 133.23 131.74 133.53 133.15 135.08 134.74
132.21 132.94 138.34 139.98 135.72 134.3  136.14 133.17 137.35
135.77 136.54 136.34 140.21 145.26 135.37 157.54 168.83 187.77
206.02 209.57 239.3  260.24 268.28 262.02 243.64 257    237.3
289.09 320.53 365.85 368.66 383.97 387.28 454    483.98 481.52
509.43 477.53 489    579.48 644.36 624.94 643.46 673.32 710.98
696.84 693.39 675.05 713.39 778.15 884.34 884.23 902.21 965.89
959.12 936.94 900.75 886.35 922.35 951.58 913    898.67 901.8
898    867.18 845.48 785.5  771.65 766.7  698.17 637.42 602.21
682.79 696.44 712.46 647.53 654.72 670.55 638.34 630.19 604.73
646.25 710.56 684.34 705.16 668.07 625.06
 