  67745  68478  85521 105884 110425  91370  93281 103857  95866 106237  93067  71483
  82355  71581  99026 106283 106818  96854  96566 104960  90243 120334  92761  77263
  76069  82116  94332 110266 112060 100368 110247 111372 108922 118860  93737  76202
  81449  82345  99650 123899 117099 112879 108754 120934 120313 131303 111482  87211
  87606  89896 114208 132524 133871 124336 120385 137427 128309 135857 123102  98523
  93762 101399 135607 141196 146104 140768 143315 162399 145856 182229 147942 119395
 120216 117265 154829 163274 174367 166206 161157 180701 165037 181308 161056 129085
 126211 137234 173089 182152 185396 207756 211383 216431 237188 247602 226748 189272
 175910 181037 223559 227976 255694 244475 233846 243512 246940 266560 230075 198470
 191369 199317 242416 253425 250325 259479 253404 266182 268694 284549 260198 229481
 202797 239174 238993 255745 277575 272068 262671 293781 276797 315219 290153 271367
